0 0 0 25 0 25 25 25 0 0 0 0 0 0 0 0 0 0 0 0 14 14 14 14 24 9 14 14 14 14 14 14 14 9 14 14 14 14 14 14 14 14 14 24 9 14 14 14 14 14 14 14 9 14 14 14 14 14 0 0
0 0 0 25 25 0 0 0 0 0 0 0 0 0 0 0 0 0 0 0 14 9 10 9 0 0 24 24 24 9 10 9 0 0 14 14 14 14 14 14 9 10 9 0 0 24 24 24 9 10 9 0 0 14 14 14 14 14 0 0
0 0 0 25 25 0 0 0 0 0 0 0 0 0 0 0 0 0 0 0 32 0 0 0 0 0 0 0 24 0 0 0 0 0 0 0 0 0 0 0 0 0 0 0 0 0 0 0 0 0 0 0 0 0 0 0 0 0 0 0
0 0 0 25 0 0 0 0 0 0 0 0 0 0 0 0 0 0 0 0 0 0 0 0 0 31 0 0 0 0 0 31 0 0 0 0 0 0 0 0 0 0 0 0 0 0 0 0 0 0 0 0 0 0 0 0 0 0 0 0
0 0 0 25 0 0 0 0 0 0 0 0 0 0 19 7 19 19 0 0 0 0 0 0 0 21 0 0 0 0 0 21 0 0 0 0 0 0 0 0 0 0 0 0 0 0 0 0 0 0 0 0 0 0 0 0 0 0 0 0
0 0 0 25 0 0 0 0 0 0 0 0 0 0 19 0 19 37 0 0 0 0 0 0 0 45 45 0 0 0 45 45 0 0 0 0 0 0 0 0 0 0 0 0 0 0 0 0 0 0 0 0 0 0 0 0 0 0 0 0
0 0 0 25 0 0 0 0 0 0 0 0 0 0 37 19 7 19 19 0 0 0 0 0 0 32 32 0 0 0 32 32 0 0 0 0 0 0 0 0 0 0 0 0 0 0 0 0 0 0 0 0 0 0 0 0 0 0 0 0
0 0 0 25 0 0 0 0 0 0 0 0 0 0 19 19 0 19 37 0 0 0 0 0 0 32 37 0 0 0 32 37 0 0 0 0 0 0 0 0 0 0 0 0 0 0 0 0 0 0 0 0 0 0 0 0 0 0 0 0
0 0 0 25 0 0 0 0 0 0 0 0 0 0 0 37 19 7 19 19 0 0 0 0 0 37 37 0 0 0 37 37 0 0 0 0 0 0 0 0 0 0 0 0 0 0 0 0 0 0 0 0 0 0 0 0 0 0 0 0
0 0 0 25 0 0 0 0 0 0 0 0 0 0 0 19 19 0 19 37 0 0 0 0 0 32 32 0 0 0 32 32 0 0 0 0 0 0 0 0 0 0 0 0 0 0 0 0 0 0 0 0 0 0 0 0 0 0 0 0
0 0 0 25 0 0 0 0 0 0 3 0 0 0 0 0 37 19 19 19 0 0 0 0 0 0 0 0 0 0 0 0 0 0 0 0 0 0 0 0 0 0 0 0 0 0 0 0 0 0 0 0 0 0 0 0 0 0 0 0
0 0 0 25 0 0 0 0 0 0 3 0 0 0 0 0 19 19 0 19 0 0 0 0 0 0 0 0 0 0 0 0 0 0 0 0 0 0 0 0 0 0 0 0 0 0 0 0 0 0 0 0 0 0 0 0 0 0 0 0
0 0 0 25 0 0 0 3 3 0 37 0 3 3 0 0 0 0 0 0 0 0 0 0 0 45 45 45 45 45 45 45 0 0 0 0 0 0 0 0 0 0 0 0 0 0 0 0 0 0 0 0 0 0 0 0 0 0 0 0
25 25 25 25 25 25 25 25 25 25 25 25 25 25 25 25 25 25 25 25 25 25 25 25 25 25 25 25 25 25 25 25 25 25 25 25 25 25 25 25 25 25 25 25 25 25 25 25 25 25 25 25 25 25 25 25 25 25 0 0
14 14 14 14 14 14 14 14 14 14 14 14 14 14 14 14 14 14 14 14 14 14 14 14 14 14 14 14 14 14 14 14 14 14 14 14 14 14 14 14 14 14 14 14 14 14 14 14 14 14 14 14 14 14 14 14 14 14 0 0